run_step6_naive_k_st=[
%m      %n      %k      %MY_GFLOPS      %REF_GFLOPS
0       0        0    0.00     0.00
12000    12000     256   12.71   23.11
12000    12000     512   17.18   22.96
12000    12000     768   19.18   23.01
12000    12000    1024   20.60   23.06
12000    12000    1280   21.37   23.06
12000    12000    1536   22.15   22.93
12000    12000    1792   22.50   23.07
12000    12000    2048   22.94   23.03
12000    12000    2304   23.15   22.95
12000    12000    2560   23.45   23.10
12000    12000    2816   23.63   22.92
12000    12000    3072   23.84   22.95
12000    12000    3328   23.94   22.98
12000    12000    3584   24.13   23.12
12000    12000    3840   24.18   22.98
12000    12000    4096   24.29   22.96
12000    12000    4352   24.37   22.90
12000    12000    4608   24.48   22.94
12000    12000    4864   24.52   23.00
12000    12000    5120   24.61   23.02
12000    12000    5376   24.65   23.04
12000    12000    5632   24.68   23.08
12000    12000    5888   24.74   22.95
12000    12000    6144   24.82   23.07
12000    12000    6400   24.70   22.81
12000    12000    6656   24.88   22.96
12000    12000    6912   24.92   23.09
12000    12000    7168   24.99   22.97
12000    12000    7424   24.98   22.98
12000    12000    7680   25.04   23.11
12000    12000    7936   24.92   22.58
12000    12000    8192   25.08   23.08
12000    12000    8448   25.04   22.89
12000    12000    8704   25.09   23.01
12000    12000    8960   25.13   22.92
12000    12000    9216   25.12   22.99
12000    12000    9472   25.17   22.93
12000    12000    9728   25.21   23.00
12000    12000    9984   25.13   22.60
12000    12000   10240   25.22   23.10
12000    12000   10496   25.19   22.99
12000    12000   10752   25.28   22.92
12000    12000   11008   25.26   22.89
12000    12000   11264   25.29   23.13
12000    12000   11520   25.31   23.16
12000    12000   11776   25.29   23.01
];
