run_step7_st=[
%m      %n      %k      %MY_GFLOPS      %REF_GFLOPS
    0        0       0       0       0
  256      256     256    1.42    6.28
  512      512     512   19.30   21.72
  768      768     768   21.56   22.47
 1024     1024    1024   22.54   22.43
 1280     1280    1280   23.26   22.74
 1536     1536    1536   23.65   22.55
 1792     1792    1792   23.95   22.92
 2048     2048    2048   23.69   22.65
 2304     2304    2304   24.39   22.80
 2560     2560    2560   24.07   22.70
 2816     2816    2816   24.67   22.90
 3072     3072    3072   24.20   22.80
 3328     3328    3328   24.82   22.91
 3584     3584    3584   24.60   22.86
 3840     3840    3840   24.95   23.06
 4096     4096    4096   24.29   22.62
 4352     4352    4352   24.45   22.94
 4608     4608    4608   24.28   22.85
 4864     4864    4864   24.61   23.00
 5120     5120    5120   24.12   22.78
 5376     5376    5376   24.74   23.05
 5632     5632    5632   24.31   22.94
 5888     5888    5888   24.81   23.06
 6144     6144    6144   24.25   22.92
 6400     6400    6400   24.85   22.98
 6656     6656    6656   24.61   22.84
 6912     6912    6912   24.95   23.01
 7168     7168    7168   24.27   22.87
 7424     7424    7424   24.97   23.04
 7680     7680    7680   24.63   22.93
 7936     7936    7936   24.95   23.05
 8192     8192    8192   24.22   22.88
 8448     8448    8448   24.73   22.98
 8704     8704    8704   24.39   22.72
 8960     8960    8960   24.75   23.00
 9216     9216    9216   24.24   22.84
 9472     9472    9472   24.82   23.02
 9728     9728    9728   24.52   22.88
 9984     9984    9984   24.69   23.02
10240    10240   10240   24.34   22.87
10496    10496   10496   24.95   23.00
10752    10752   10752   24.62   22.85
11008    11008   11008   24.95   22.98
11264    11264   11264   24.36   22.67
11520    11520   11520   24.99   23.03
11776    11776   11776   24.60   22.84
];
