run_step6_mt=[
%m      %n      %k      %MY_GFLOPS      %REF_GFLOPS
    0        0       0     0.00    0.00
  256      256     256   127.59  160.28
  512      512     512   159.99  172.21
  768      768     768   165.31  171.74
 1024     1024    1024   163.55  171.10
 1280     1280    1280   168.18  173.21
 1536     1536    1536   165.53  174.84
 1792     1792    1792   171.39  176.66
 2048     2048    2048   173.24  177.01
 2304     2304    2304   178.72  178.23
 2560     2560    2560   178.79  177.93
 2816     2816    2816   184.34  178.92
 3072     3072    3072   181.38  179.09
 3328     3328    3328   186.14  179.50
 3584     3584    3584   159.27  175.08
 3840     3840    3840   187.35  180.32
 4096     4096    4096   186.84  181.13
 4352     4352    4352   189.17  179.36
 4608     4608    4608   187.23  179.51
 4864     4864    4864   189.89  179.53
 5120     5120    5120   187.43  175.73
 5376     5376    5376   189.77  175.89
 5632     5632    5632   188.06  173.47
 5888     5888    5888   191.88  171.25
 6144     6144    6144   190.60  170.58
 6400     6400    6400   191.78  170.33
 6656     6656    6656   190.26  170.03
 6912     6912    6912   191.70  171.14
 7168     7168    7168   189.43  170.12
 7424     7424    7424   192.41  170.86
 7680     7680    7680   190.32  170.03
 7936     7936    7936   191.01  170.10
 8192     8192    8192   186.96  171.20
 8448     8448    8448   188.76  170.12
 8704     8704    8704   187.56  169.67
 8960     8960    8960   191.09  169.22
 9216     9216    9216   187.23  169.29
 9472     9472    9472   191.55  170.24
 9728     9728    9728   189.42  170.47
 9984     9984    9984   190.77  169.64
 10240    10240   10240   188.72  169.16
 10496    10496   10496   190.55  169.06
 10752    10752   10752   189.75  169.42
 11008    11008   11008   193.00  170.73
 11264    11264   11264   188.65  169.38
 11520    11520   11520   189.51  168.85
 11776    11776   11776   188.08  168.77
 ];
