run_step6_abc_k_st=[
%m      %n      %k      %MY_GFLOPS      %REF_GFLOPS
0       0        0    0.00     0.00
12000    12000     256   23.10   22.60
12000    12000     512   25.14   23.05
12000    12000     768   24.76   22.97
12000    12000    1024   25.16   22.98
12000    12000    1280   25.00   22.85
12000    12000    1536   25.16   23.04
12000    12000    1792   25.00   23.02
12000    12000    2048   25.14   23.05
12000    12000    2304   24.46   22.94
12000    12000    2560   25.23   22.97
12000    12000    2816   25.10   22.95
12000    12000    3072   25.17   22.95
12000    12000    3328   25.08   23.01
12000    12000    3584   25.18   22.98
12000    12000    3840   25.17   22.96
12000    12000    4096   25.21   23.01
12000    12000    4352   25.09   23.00
12000    12000    4608   25.16   23.07
12000    12000    4864   25.10   22.98
12000    12000    5120   25.14   23.01
12000    12000    5376   24.18   22.61
12000    12000    5632   25.27   23.01
12000    12000    5888   25.23   22.98
12000    12000    6144   25.24   23.04
12000    12000    6400   25.13   23.02
12000    12000    6656   25.24   22.93
12000    12000    6912   24.31   22.60
12000    12000    7168   25.20   23.06
12000    12000    7424   25.19   23.07
12000    12000    7680   25.19   22.92
12000    12000    7936   25.15   22.98
12000    12000    8192   25.16   22.99
12000    12000    8448   25.13   22.97
12000    12000    8704   25.15   23.01
12000    12000    8960   25.12   22.96
12000    12000    9216   25.12   22.99
12000    12000    9472   25.18   22.94
12000    12000    9728   25.13   22.98
12000    12000    9984   25.13   23.00
12000    12000   10240   25.21   23.04
12000    12000   10496   24.95   22.89
12000    12000   10752   25.44   23.11
12000    12000   11008   24.25   22.59
12000    12000   11264   25.09   22.85
12000    12000   11520   25.27   23.11
12000    12000   11776   25.17   22.98
];
