run_step6_ab_k_mt=[
%m      %n      %k      %MY_GFLOPS      %REF_GFLOPS
    0       0        0    0.00     0.00
12000    12000     256   25.02   179.41
12000    12000     512   43.24   174.38
12000    12000     768   59.05   179.40
12000    12000    1024   72.05   180.04
12000    12000    1280   81.35   179.62
12000    12000    1536   90.72   179.80
12000    12000    1792   96.94   180.05
12000    12000    2048   104.06  179.67
12000    12000    2304   108.33  179.99
12000    12000    2560   114.02  179.67
12000    12000    2816   117.15  180.08
12000    12000    3072   121.91  179.14
12000    12000    3328   124.36  180.19
12000    12000    3584   127.95  179.22
12000    12000    3840   129.96  179.22
12000    12000    4096   133.42  179.36
12000    12000    4352   134.83  178.31
12000    12000    4608   137.37  178.13
12000    12000    4864   138.66  176.73
12000    12000    5120   141.25  175.75
12000    12000    5376   142.16  176.48
12000    12000    5632   144.14  174.94
12000    12000    5888   145.02  175.28
12000    12000    6144   147.21  174.30
12000    12000    6400   147.50  174.49
12000    12000    6656   149.40  174.25
12000    12000    6912   149.87  174.12
12000    12000    7168   151.62  174.48
12000    12000    7424   147.08  174.22
12000    12000    7680   153.14  171.99
12000    12000    7936   153.54  172.69
12000    12000    8192   155.31  172.27
12000    12000    8448   155.15  172.55
12000    12000    8704   156.47  172.33
12000    12000    8960   156.29  172.46
12000    12000    9216   157.87  172.54
12000    12000    9472   157.90  172.57
12000    12000    9728   158.74  172.78
12000    12000    9984   154.48  170.52
12000    12000   10240   160.15  171.77
12000    12000   10496   159.61  172.77
12000    12000   10752   160.55  173.03
12000    12000   11008   160.66  172.17
12000    12000   11264   161.72  173.01
12000    12000   11520   161.55  173.71
12000    12000   11776   162.53  172.64
];
