run_step7_abc_mt=[
%m      %n      %k      %MY_GFLOPS      %REF_GFLOPS
    0        0       0     0.00    0.00
  256      256     256   112.66  153.77
  512      512     512   150.95  168.10
  768      768     768   159.74  172.22
 1024     1024    1024   152.39  160.60
 1280     1280    1280   167.21  172.44
 1536     1536    1536   166.11  172.06
 1792     1792    1792   169.81  174.90
 2048     2048    2048   172.15  175.40
 2304     2304    2304   175.40  177.88
 2560     2560    2560   176.11  177.43
 2816     2816    2816   180.52  178.24
 3072     3072    3072   178.04  177.22
 3328     3328    3328   183.89  179.26
 3584     3584    3584   182.28  179.26
 3840     3840    3840   185.73  180.37
 4096     4096    4096   185.79  180.06
 4352     4352    4352   188.55  178.88
 4608     4608    4608   187.54  178.15
 4864     4864    4864   189.43  179.23
 5120     5120    5120   186.73  177.06
 5376     5376    5376   189.46  180.20
 5632     5632    5632   188.31  176.76
 5888     5888    5888   189.32  176.76
 6144     6144    6144   189.67  174.84
 6400     6400    6400   191.33  173.23
 6656     6656    6656   188.65  172.68
 6912     6912    6912   191.63  174.05
 7168     7168    7168   190.16  172.40
 7424     7424    7424   191.89  173.66
 7680     7680    7680   190.54  173.15
 7936     7936    7936   191.54  173.77
 8192     8192    8192   187.73  173.80
 8448     8448    8448   189.20  173.34
 8704     8704    8704   188.08  172.49
 8960     8960    8960   190.77  173.63
 9216     9216    9216   187.98  172.78
 9472     9472    9472   190.02  173.71
 9728     9728    9728   189.99  172.83
 9984     9984    9984   165.57  168.63
 10240    10240   10240   160.51  165.27
 10496    10496   10496   191.35  173.20
 10752    10752   10752   190.13  172.51
 11008    11008   11008   164.47  168.38
 11264    11264   11264   189.20  172.44
 11520    11520   11520   191.72  173.14
 11776    11776   11776   188.37  171.23
 ];
