run_step7_naive_mt=[
%m      %n      %k      %MY_GFLOPS      %REF_GFLOPS
    0        0       0    0.00     0.00
  256      256     256   22.75   155.63
  512      512     512   44.96   167.86
  768      768     768   27.58   172.87
 1024     1024    1024   36.05   168.32
 1280     1280    1280   42.83   172.86
 1536     1536    1536   50.56   173.02
 1792     1792    1792   57.61   175.09
 2048     2048    2048   64.17   175.75
 2304     2304    2304   69.42   178.02
 2560     2560    2560   74.02   177.36
 2816     2816    2816   76.34   178.50
 3072     3072    3072   82.31   178.05
 3328     3328    3328   85.38   179.16
 3584     3584    3584   89.76   179.12
 3840     3840    3840   93.04   180.35
 4096     4096    4096   96.61   179.79
 4352     4352    4352   98.24   178.56
 4608     4608    4608   99.90   177.81
 4864     4864    4864   103.33  179.42
 5120     5120    5120   104.12  178.33
 5376     5376    5376   108.47  179.86
 5632     5632    5632   109.12  179.05
 5888     5888    5888   112.94  180.10
 6144     6144    6144   113.75  179.70
 6400     6400    6400   116.37  180.42
 6656     6656    6656   115.25  179.60
 6912     6912    6912   120.19  180.77
 7168     7168    7168   118.33  179.80
 7424     7424    7424   123.58  180.98
 7680     7680    7680   121.80  180.31
 7936     7936    7936   125.23  180.45
 8192     8192    8192   128.97  179.29
 8448     8448    8448   127.34  177.82
 8704     8704    8704   126.01  177.04
 8960     8960    8960   130.26  176.61
 9216     9216    9216   128.42  175.78
 9472     9472    9472   132.40  175.51
 9728     9728    9728   130.89  174.89
 9984     9984    9984   135.43  174.95
10240    10240   10240   134.14  174.00
10496    10496   10496   137.00  174.13
10752    10752   10752   135.26  173.74
11008    11008   11008   138.84  172.66
11264    11264   11264   137.27  173.38
11520    11520   11520   139.36  164.29
11776    11776   11776   138.97  171.98
];
