run_step6_abc_st=[
%m      %n      %k      %MY_GFLOPS      %REF_GFLOPS
    0        0       0    0.00    0.00
  256      256     256   20.87   21.95
  512      512     512   23.38   22.61
  768      768     768   23.68   22.64
 1024     1024    1024   23.65   22.62
 1280     1280    1280   23.99   22.80
 1536     1536    1536   24.18   22.81
 1792     1792    1792   24.30   22.97
 2048     2048    2048   22.98   22.25
 2304     2304    2304   24.80   22.93
 2560     2560    2560   23.92   22.44
 2816     2816    2816   24.88   23.14
 3072     3072    3072   24.53   22.91
 3328     3328    3328   25.14   23.13
 3584     3584    3584   24.88   22.99
 3840     3840    3840   25.22   23.13
 4096     4096    4096   24.65   23.07
 4352     4352    4352   25.26   23.00
 4608     4608    4608   24.82   22.91
 4864     4864    4864   25.15   23.07
 5120     5120    5120   24.73   22.97
 5376     5376    5376   25.15   23.05
 5632     5632    5632   24.84   22.98
 5888     5888    5888   25.05   23.10
 6144     6144    6144   24.83   23.03
 6400     6400    6400   25.11   23.10
 6656     6656    6656   24.89   22.98
 6912     6912    6912   25.15   23.10
 7168     7168    7168   24.84   23.02
 7424     7424    7424   24.65   23.06
 7680     7680    7680   24.82   22.89
 7936     7936    7936   25.03   23.04
 8192     8192    8192   24.75   23.01
 8448     8448    8448   24.83   23.04
 8704     8704    8704   24.70   22.90
 8960     8960    8960   24.87   22.89
 9216     9216    9216   24.65   22.98
 9472     9472    9472   24.84   23.00
 9728     9728    9728   24.87   22.93
 9984     9984    9984   24.99   22.98
 10240    10240   10240   24.69   22.96
 10496    10496   10496   24.94   22.86
 10752    10752   10752   24.78   22.85
 11008    11008   11008   25.08   23.08
 11264    11264   11264   24.71   22.85
 11520    11520   11520   24.92   22.97
 11776    11776   11776   24.64   22.85
 ];
