run_step6_abc_mt=[
%m      %n      %k      %MY_GFLOPS      %REF_GFLOPS
    0        0       0     0.00    0.00
  256      256     256   123.61  158.66
  512      512     512   158.34  171.45
  768      768     768   163.13  171.47
 1024     1024    1024   161.00  171.26
 1280     1280    1280   166.36  173.27
 1536     1536    1536   163.52  173.56
 1792     1792    1792   171.42  176.22
 2048     2048    2048   171.28  177.10
 2304     2304    2304   178.23  178.71
 2560     2560    2560   177.99  178.26
 2816     2816    2816   182.97  179.27
 3072     3072    3072   180.67  179.14
 3328     3328    3328   185.52  179.95
 3584     3584    3584   183.29  179.98
 3840     3840    3840   187.58  180.04
 4096     4096    4096   186.43  180.91
 4352     4352    4352   190.18  179.24
 4608     4608    4608   188.30  179.22
 4864     4864    4864   190.07  180.17
 5120     5120    5120   187.47  179.95
 5376     5376    5376   191.24  180.44
 5632     5632    5632   189.39  180.13
 5888     5888    5888   192.48  180.33
 6144     6144    6144   190.88  178.31
 6400     6400    6400   192.73  176.15
 6656     6656    6656   189.87  175.82
 6912     6912    6912   192.90  175.48
 7168     7168    7168   190.72  174.59
 7424     7424    7424   193.27  175.39
 7680     7680    7680   191.46  174.52
 7936     7936    7936   192.60  174.99
 8192     8192    8192   187.53  175.32
 8448     8448    8448   190.28  174.76
 8704     8704    8704   189.40  174.07
 8960     8960    8960   192.24  175.05
 9216     9216    9216   188.45  174.40
 9472     9472    9472   191.41  174.72
 9728     9728    9728   189.67  174.20
 9984     9984    9984   192.03  174.74
 10240    10240   10240   190.11  173.69
 10496    10496   10496   193.10  173.77
 10752    10752   10752   190.78  173.56
 11008    11008   11008   192.15  173.88
 11264    11264   11264   189.29  173.68
 11520    11520   11520   192.88  174.06
 11776    11776   11776   190.76  174.05
 ];
