run_step6_st=[
%m	%n	%k	%MY_GFLOPS	%REF_GFLOPS
  256	   256	   256	 24.36	 25.38
  512	   512	   512	 27.22	 26.24
  768	   768	   768	 28.18	 26.54
 1024	  1024	  1024	 27.34	 25.91
 1280	  1280	  1280	 25.88	 25.71
 1536	  1536	  1536	 26.08	 25.88
 1792	  1792	  1792	 26.67	 25.90
 2048	  2048	  2048	 25.99	 25.26
 2304	  2304	  2304	 27.00	 26.05
 2560	  2560	  2560	 26.99	 26.09
 2816	  2816	  2816	 27.25	 26.25
 3072	  3072	  3072	 28.42	 26.36
 3328	  3328	  3328	 27.65	 26.41
 3584	  3584	  3584	 28.74	 26.66
 3840	  3840	  3840	 29.15	 26.91
 4096	  4096	  4096	 27.94	 26.10
 4352	  4352	  4352	 29.21	 26.72
 4608	  4608	  4608	 29.03	 26.61
 4864	  4864	  4864	 29.42	 26.82
 5120	  5120	  5120	 28.64	 26.53
 5376	  5376	  5376	 29.49	 26.85
 5632	  5632	  5632	 29.01	 26.67
 5888	  5888	  5888	 29.45	 26.67
 6144	  6144	  6144	 28.37	 26.24
 6400	  6400	  6400	 29.41	 26.65
 6656	  6656	  6656	 29.10	 26.76
 6912	  6912	  6912	 29.47	 26.67
 7168	  7168	  7168	 28.60	 26.25
 7424	  7424	  7424	 29.48	 26.79
 7680	  7680	  7680	 29.10	 26.83
 7936	  7936	  7936	 29.48	 26.91
 8192	  8192	  8192	 28.69	 26.69
 8448	  8448	  8448	 29.20	 26.69
 8704	  8704	  8704	 28.62	 26.61
 8960	  8960	  8960	 29.25	 26.56
 9216	  9216	  9216	 28.44	 26.62
 9472	  9472	  9472	 29.32	 26.81
 9728	  9728	  9728	 28.88	 26.66
 9984	  9984	  9984	 29.32	 26.75
10240	 10240	 10240	 28.48	 26.50
10496	 10496	 10496	 29.43	 26.90
10752	 10752	 10752	 29.03	 26.68
];