run_step7_abc_st=[
%m      %n      %k      %MY_GFLOPS      %REF_GFLOPS
    0        0       0    0.00    0.00
  256      256     256   18.88   21.54
  512      512     512   21.85   22.37
  768      768     768   23.02   22.71
 1024     1024    1024   23.33   22.51
 1280     1280    1280   23.37   22.52
 1536     1536    1536   23.92   22.68
 1792     1792    1792   24.18   22.86
 2048     2048    2048   23.77   22.73
 2304     2304    2304   24.51   22.89
 2560     2560    2560   24.33   22.80
 2816     2816    2816   24.75   22.95
 3072     3072    3072   24.27   22.62
 3328     3328    3328   24.92   23.04
 3584     3584    3584   24.63   22.85
 3840     3840    3840   24.44   22.83
 4096     4096    4096   24.43   22.92
 4352     4352    4352   25.01   22.91
 4608     4608    4608   24.61   22.77
 4864     4864    4864   25.03   22.91
 5120     5120    5120   23.72   22.52
 5376     5376    5376   25.01   22.94
 5632     5632    5632   23.81   22.19
 5888     5888    5888   24.98   23.03
 6144     6144    6144   23.98   22.50
 6400     6400    6400   24.90   22.94
 6656     6656    6656   24.69   22.87
 6912     6912    6912   24.25   22.80
 7168     7168    7168   24.67   22.83
 7424     7424    7424   24.13   22.75
 7680     7680    7680   23.84   22.37
 7936     7936    7936   24.16   22.67
 8192     8192    8192   23.94   22.61
 8448     8448    8448   24.65   22.93
 8704     8704    8704   23.65   22.47
 8960     8960    8960   24.71   22.91
 9216     9216    9216   24.42   22.80
 9472     9472    9472   24.72   22.92
 9728     9728    9728   23.73   22.24
 9984     9984    9984   23.95   22.56
 10240    10240   10240   23.85   22.59
 10496    10496   10496   24.12   22.68
 10752    10752   10752   24.64   22.75
 11008    11008   11008   24.04   22.53
 11264    11264   11264   23.74   22.50
 11520    11520   11520   24.89   22.91
 11776    11776   11776   24.64   22.70
 ];
