run_step6_abc_k_mt=[
%m      %n      %k      %MY_GFLOPS      %REF_GFLOPS
0       0        0    0.00     0.00
12000    12000     256   181.11  180.44
12000    12000     512   194.50  179.75
12000    12000     768   190.14  179.98
12000    12000    1024   193.24  179.15
12000    12000    1280   190.78  179.58
12000    12000    1536   194.35  180.18
12000    12000    1792   191.74  179.11
12000    12000    2048   193.96  178.72
12000    12000    2304   192.38  177.82
12000    12000    2560   193.41  173.16
12000    12000    2816   192.60  171.54
12000    12000    3072   193.44  169.56
12000    12000    3328   191.81  169.44
12000    12000    3584   192.51  168.75
12000    12000    3840   189.95  168.86
12000    12000    4096   195.21  171.05
12000    12000    4352   193.51  170.04
12000    12000    4608   192.93  169.33
12000    12000    4864   192.52  169.51
12000    12000    5120   193.71  170.00
12000    12000    5376   193.12  170.05
12000    12000    5632   194.17  170.50
12000    12000    5888   193.50  170.82
12000    12000    6144   194.08  170.38
12000    12000    6400   192.52  169.75
12000    12000    6656   192.66  168.82
12000    12000    6912   172.39  168.20
12000    12000    7168   192.94  168.76
12000    12000    7424   192.13  169.18
12000    12000    7680   192.92  168.64
12000    12000    7936   193.10  170.10
12000    12000    8192   193.44  168.89
12000    12000    8448   192.73  169.03
12000    12000    8704   194.21  170.13
12000    12000    8960   192.05  168.59
12000    12000    9216   192.39  168.88
12000    12000    9472   192.60  169.91
12000    12000    9728   192.85  170.06
12000    12000    9984   192.24  169.37
12000    12000   10240   191.34  168.79
12000    12000   10496   191.49  169.44
12000    12000   10752   192.33  169.71
12000    12000   11008   166.74  165.95
12000    12000   11264   191.60  169.88
12000    12000   11520   189.51  168.87
12000    12000   11776   191.60  169.57
];
