run_step7_ab_st=[
%m      %n      %k      %MY_GFLOPS      %REF_GFLOPS
    0        0       0    0.00    0.00
  256      256     256   16.35   21.69
  512      512     512   20.40   22.54
  768      768     768   21.26   22.72
  1024     1024    1024   22.06   22.68
  1280     1280    1280   22.42   22.77
  1536     1536    1536   22.74   22.81
  1792     1792    1792   23.10   22.98
  2048     2048    2048   22.54   22.57
  2304     2304    2304   22.66   22.75
  2560     2560    2560   23.43   22.94
  2816     2816    2816   23.64   23.11
  3072     3072    3072   22.39   22.99
  3328     3328    3328   22.70   22.92
  3584     3584    3584   22.96   22.95
  3840     3840    3840   23.03   22.91
  4096     4096    4096   22.74   23.06
  4352     4352    4352   23.50   22.84
  4608     4608    4608   23.24   22.86
  4864     4864    4864   23.65   22.94
  5120     5120    5120   23.04   22.89
  5376     5376    5376   23.74   22.97
  5632     5632    5632   23.40   22.91
  5888     5888    5888   23.84   22.96
  6144     6144    6144   23.26   22.99
  6400     6400    6400   23.89   23.00
  6656     6656    6656   23.43   22.82
  6912     6912    6912   23.90   22.97
  7168     7168    7168   22.97   22.62
  7424     7424    7424   23.92   22.96
  7680     7680    7680   23.47   22.91
  7936     7936    7936   23.85   22.98
  8192     8192    8192   23.62   23.02
  8448     8448    8448   23.60   22.83
  8704     8704    8704   23.30   22.81
  8960     8960    8960   23.76   22.84
  9216     9216    9216   23.35   22.93
  9472     9472    9472   23.32   22.76
  9728     9728    9728   23.47   22.82
  9984     9984    9984   23.88   22.87
  10240    10240   10240   23.53   22.99
  10496    10496   10496   23.95   22.85
  10752    10752   10752   23.58   22.83
  11008    11008   11008   23.97   22.86
  11264    11264   11264   23.53   22.91
  11520    11520   11520   24.04   22.85
  11776    11776   11776   23.22   22.58
  ];
