run_step6_naive_st=[
%m      %n      %k      %MY_GFLOPS      %REF_GFLOPS
    0        0       0    0.00    0.00
  256      256     256   14.05   21.98
  512      512     512   19.25   22.35
  768      768     768   19.96   22.63
 1024     1024    1024   17.02   22.65
 1280     1280    1280   17.73   22.77
 1536     1536    1536   19.68   22.77
 1792     1792    1792   19.41   22.63
 2048     2048    2048   20.38   22.40
 2304     2304    2304   20.49   22.78
 2560     2560    2560   21.67   22.99
 2816     2816    2816   21.56   22.55
 3072     3072    3072   22.26   22.93
 3328     3328    3328   22.68   23.03
 3584     3584    3584   22.93   22.95
 3840     3840    3840   23.13   23.10
 4096     4096    4096   23.25   23.03
 4352     4352    4352   23.54   22.98
 4608     4608    4608   23.74   22.87
 4864     4864    4864   23.84   22.85
 5120     5120    5120   23.85   22.85
 5376     5376    5376   24.08   22.86
 5632     5632    5632   24.18   22.90
 5888     5888    5888   24.31   22.92
 6144     6144    6144   24.22   22.92
 6400     6400    6400   24.48   22.85
 6656     6656    6656   24.46   22.97
 6912     6912    6912   24.66   22.93
 7168     7168    7168   24.53   22.98
 7424     7424    7424   24.66   22.74
 7680     7680    7680   24.57   22.62
 7936     7936    7936   24.85   22.81
 8192     8192    8192   24.65   22.94
 8448     8448    8448   24.84   22.90
 8704     8704    8704   24.62   22.88
 8960     8960    8960   24.89   22.82
 9216     9216    9216   24.76   22.91
 9472     9472    9472   24.80   22.80
 9728     9728    9728   24.69   22.82
 9984     9984    9984   24.91   22.86
10240    10240   10240   24.77   22.93
10496    10496   10496   25.08   22.94
10752    10752   10752   24.93   22.60
11008    11008   11008   25.10   22.46
11264    11264   11264   25.03   22.86
11520    11520   11520   25.25   22.80
11776    11776   11776   25.10   22.63
];
