run_step6_ab_k_st=[
%m      %n      %k      %MY_GFLOPS      %REF_GFLOPS
0       0        0    0.00     0.00
12000    12000     256   12.35   23.03
12000    12000     512   16.81   22.95
12000    12000     768   18.62   23.08
12000    12000    1024   20.09   22.97
12000    12000    1280   20.72   23.08
12000    12000    1536   21.50   23.07
12000    12000    1792   21.72   22.91
12000    12000    2048   22.23   22.97
12000    12000    2304   22.38   23.07
12000    12000    2560   22.62   22.99
12000    12000    2816   22.75   23.09
12000    12000    3072   23.06   23.05
12000    12000    3328   23.12   23.06
12000    12000    3584   23.23   22.96
12000    12000    3840   23.40   22.99
12000    12000    4096   23.46   23.10
12000    12000    4352   23.39   22.97
12000    12000    4608   23.61   22.97
12000    12000    4864   23.68   23.00
12000    12000    5120   23.73   23.04
12000    12000    5376   23.75   23.09
12000    12000    5632   23.90   22.95
12000    12000    5888   23.93   23.06
12000    12000    6144   23.93   22.94
12000    12000    6400   23.90   22.98
12000    12000    6656   23.99   22.94
12000    12000    6912   23.99   22.83
12000    12000    7168   24.06   22.87
12000    12000    7424   24.13   23.05
12000    12000    7680   24.09   22.93
12000    12000    7936   24.12   22.93
12000    12000    8192   24.25   23.02
12000    12000    8448   24.16   22.87
12000    12000    8704   24.21   22.96
12000    12000    8960   23.86   22.85
12000    12000    9216   24.22   22.98
12000    12000    9472   24.27   23.03
12000    12000    9728   24.23   22.98
12000    12000    9984   24.27   23.18
12000    12000   10240   24.33   22.83
12000    12000   10496   24.23   22.87
12000    12000   10752   24.47   23.05
12000    12000   11008   24.27   22.86
12000    12000   11264   24.46   23.04
12000    12000   11520   24.44   23.10
12000    12000   11776   24.53   23.16
];
