run_step7_ab_mt=[
%m      %n      %k      %MY_GFLOPS      %REF_GFLOPS
    0        0       0    0.00     0.00
  256      256     256   66.54   155.42
  512      512     512   107.94  169.50
  768      768     768   120.47  173.07
 1024     1024    1024   129.69  168.89
 1280     1280    1280   131.24  173.69
 1536     1536    1536   126.00  173.96
 1792     1792    1792   135.91  175.89
 2048     2048    2048   139.62  177.07
 2304     2304    2304   138.60  178.95
 2560     2560    2560   143.39  178.62
 2816     2816    2816   149.43  180.01
 3072     3072    3072   115.70  179.18
 3328     3328    3328   120.44  180.15
 3584     3584    3584   122.75  180.17
 3840     3840    3840   128.82  180.97
 4096     4096    4096   131.19  180.93
 4352     4352    4352   133.16  179.30
 4608     4608    4608   134.50  179.02
 4864     4864    4864   137.16  179.91
 5120     5120    5120   138.48  179.57
 5376     5376    5376   142.18  180.71
 5632     5632    5632   142.68  180.15
 5888     5888    5888   145.90  181.23
 6144     6144    6144   145.47  180.59
 6400     6400    6400   147.09  181.01
 6656     6656    6656   146.82  180.59
 6912     6912    6912   150.11  181.71
 7168     7168    7168   150.19  179.12
 7424     7424    7424   152.76  178.49
 7680     7680    7680   153.05  177.11
 7936     7936    7936   153.14  176.03
 8192     8192    8192   154.17  175.81
 8448     8448    8448   152.73  174.04
 8704     8704    8704   153.38  172.44
 8960     8960    8960   155.43  173.70
 9216     9216    9216   155.69  173.56
 9472     9472    9472   156.70  173.57
 9728     9728    9728   157.12  173.32
 9984     9984    9984   158.43  174.28
10240    10240   10240   158.63  174.09
10496    10496   10496   159.63  174.72
10752    10752   10752   158.96  174.39
11008    11008   11008   159.33  173.54
11264    11264   11264   158.75  174.65
11520    11520   11520   160.69  174.86
11776    11776   11776   160.34  173.62
];
