run_step6_naive_k_mt=[
%m      %n      %k      %MY_GFLOPS      %REF_GFLOPS
0       0        0    0.00     0.00
12000    12000     256   25.28   180.36
12000    12000     512   43.23   174.99
12000    12000     768   59.79   180.28
12000    12000    1024   72.19   179.21
12000    12000    1280   82.22   180.46
12000    12000    1536   91.54   180.47
12000    12000    1792   98.07   179.73
12000    12000    2048   104.68  179.54
12000    12000    2304   110.52  177.70
12000    12000    2560   115.21  180.26
12000    12000    2816   119.16  178.81
12000    12000    3072   123.21  180.53
12000    12000    3328   126.96  179.08
12000    12000    3584   129.93  179.14
12000    12000    3840   132.97  180.21
12000    12000    4096   135.20  180.70
12000    12000    4352   137.82  179.38
12000    12000    4608   139.84  179.15
12000    12000    4864   141.52  178.27
12000    12000    5120   143.43  177.87
12000    12000    5376   145.09  177.02
12000    12000    5632   146.93  176.12
12000    12000    5888   148.62  174.79
12000    12000    6144   149.70  174.24
12000    12000    6400   150.81  174.17
12000    12000    6656   152.19  174.88
12000    12000    6912   153.13  174.86
12000    12000    7168   154.40  175.26
12000    12000    7424   153.84  171.97
12000    12000    7680   156.48  175.44
12000    12000    7936   155.77  172.63
12000    12000    8192   158.69  175.03
12000    12000    8448   157.51  171.59
12000    12000    8704   159.80  174.75
12000    12000    8960   160.90  174.00
12000    12000    9216   161.13  170.03
12000    12000    9472   162.33  172.53
12000    12000    9728   162.67  173.25
12000    12000    9984   163.09  172.88
12000    12000   10240   163.84  174.02
12000    12000   10496   164.35  172.64
12000    12000   10752   165.10  172.93
12000    12000   11008   165.50  173.88
12000    12000   11264   166.04  172.82
12000    12000   11520   166.47  173.05
12000    12000   11776   167.13  173.79
];
