run_step6_ab_mt=[
%m      %n      %k      %MY_GFLOPS      %REF_GFLOPS
    0        0       0     0.00    0.00
  256      256     256   71.08   158.71
  512      512     512   112.78  171.75
  768      768     768   123.58  171.36
 1024     1024    1024   125.80  171.52
 1280     1280    1280   137.17  172.65
 1536     1536    1536   122.86  173.78
 1792     1792    1792   137.20  176.60
 2048     2048    2048   139.77  177.30
 2304     2304    2304   142.09  178.52
 2560     2560    2560   146.27  178.61
 2816     2816    2816   150.89  179.31
 3072     3072    3072   115.09  179.24
 3328     3328    3328   120.76  179.43
 3584     3584    3584   122.97  179.33
 3840     3840    3840   129.18  180.58
 4096     4096    4096   131.74  180.79
 4352     4352    4352   133.71  179.10
 4608     4608    4608   134.39  178.89
 4864     4864    4864   137.22  179.35
 5120     5120    5120   137.84  179.30
 5376     5376    5376   141.99  180.34
 5632     5632    5632   142.45  179.39
 5888     5888    5888   145.85  180.44
 6144     6144    6144   145.88  180.32
 6400     6400    6400   147.25  180.20
 6656     6656    6656   146.40  178.03
 6912     6912    6912   150.54  177.32
 7168     7168    7168   149.69  175.02
 7424     7424    7424   152.69  174.48
 7680     7680    7680   152.63  174.16
 7936     7936    7936   152.83  172.59
 8192     8192    8192   153.80  172.13
 8448     8448    8448   152.72  171.86
 8704     8704    8704   153.49  172.35
 8960     8960    8960   155.94  171.88
 9216     9216    9216   155.92  172.24
 9472     9472    9472   156.63  172.36
 9728     9728    9728   156.16  172.14
 9984     9984    9984   157.55  170.80
10240    10240   10240   157.43  171.17
10496    10496   10496   159.27  170.91
10752    10752   10752   158.04  171.70
11008    11008   11008   159.32  170.46
11264    11264   11264   157.92  172.57
11520    11520   11520   160.52  171.56
11776    11776   11776   159.24  171.92
];
