run_step7_mt=[
%m      %n      %k      %MY_GFLOPS      %REF_GFLOPS
    0        0       0     0.00    0.00
  256      256     256   108.75  158.05
  512      512     512   151.27  170.70
  768      768     768   159.18  174.10
 1024     1024    1024   164.40  169.72
 1280     1280    1280   166.88  173.98
 1536     1536    1536   168.93  174.61
 1792     1792    1792   170.52  176.15
 2048     2048    2048   172.80  176.38
 2304     2304    2304   176.31  178.98
 2560     2560    2560   177.97  178.43
 2816     2816    2816   181.62  179.75
 3072     3072    3072   180.28  179.21
 3328     3328    3328   184.13  180.34
 3584     3584    3584   182.84  180.05
 3840     3840    3840   185.81  181.03
 4096     4096    4096   185.65  180.95
 4352     4352    4352   187.89  179.13
 4608     4608    4608   188.58  177.68
 4864     4864    4864   189.44  179.85
 5120     5120    5120   187.85  179.57
 5376     5376    5376   189.54  180.72
 5632     5632    5632   188.89  180.17
 5888     5888    5888   191.11  181.08
 6144     6144    6144   190.33  180.65
 6400     6400    6400   191.57  181.10
 6656     6656    6656   189.75  180.98
 6912     6912    6912   191.45  181.64
 7168     7168    7168   189.76  179.30
 7424     7424    7424   192.44  178.97
 7680     7680    7680   190.86  176.88
 7936     7936    7936   191.34  176.44
 8192     8192    8192   187.48  176.61
 8448     8448    8448   188.56  175.79
 8704     8704    8704   188.30  175.07
 8960     8960    8960   190.40  175.55
 9216     9216    9216   188.74  175.13
 9472     9472    9472   190.82  175.67
 9728     9728    9728   189.94  175.49
 9984     9984    9984   190.69  175.82
10240    10240   10240   189.50  175.63
10496    10496   10496   191.53  175.85
10752    10752   10752   190.93  175.67
11008    11008   11008   191.09  175.68
11264    11264   11264   167.68  175.12
11520    11520   11520   192.25  175.77
11776    11776   11776   190.83  175.12
];
