run_step6_naive_mt=[
%m      %n      %k      %MY_GFLOPS      %REF_GFLOPS
    0        0       0    0.00     0.00
  256      256     256   37.58   159.23
  512      512     512   77.72   171.78
  768      768     768   50.51   173.99
 1024     1024    1024   66.79   171.50
 1280     1280    1280   75.44   173.76
 1536     1536    1536   83.41   174.36
 1792     1792    1792   93.55   176.66
 2048     2048    2048   100.33  178.04
 2304     2304    2304   98.46   179.08
 2560     2560    2560   101.03  178.50
 2816     2816    2816   107.35  179.35
 3072     3072    3072   113.05  179.54
 3328     3328    3328   117.51  179.94
 3584     3584    3584   121.70  180.05
 3840     3840    3840   124.42  180.62
 4096     4096    4096   128.03  181.49
 4352     4352    4352   130.70  179.27
 4608     4608    4608   133.62  179.37
 4864     4864    4864   135.60  179.70
 5120     5120    5120   138.01  180.04
 5376     5376    5376   139.88  177.67
 5632     5632    5632   142.41  174.06
 5888     5888    5888   144.29  172.65
 6144     6144    6144   146.48  170.50
 6400     6400    6400   147.29  169.01
 6656     6656    6656   148.17  168.04
 6912     6912    6912   150.42  168.92
 7168     7168    7168   151.51  167.84
 7424     7424    7424   152.82  168.44
 7680     7680    7680   154.31  168.16
 7936     7936    7936   154.04  168.26
 8192     8192    8192   157.95  168.97
 8448     8448    8448   155.26  167.68
 8704     8704    8704   157.81  167.47
 8960     8960    8960   158.48  168.04
 9216     9216    9216   159.84  167.16
 9472     9472    9472   159.81  166.70
 9728     9728    9728   161.50  166.95
 9984     9984    9984   161.98  167.10
10240    10240   10240   164.21  168.52
10496    10496   10496   163.34  167.58
10752    10752   10752   164.68  168.46
11008    11008   11008   164.23  167.46
11264    11264   11264   164.70  168.61
11520    11520   11520   164.51  166.62
11776    11776   11776   165.11  167.94
];
