run_step7_naive_st=[
%m      %n      %k      %MY_GFLOPS      %REF_GFLOPS
    0        0       0    0.00    0.00
  256      256     256   10.27   21.57
  512      512     512   12.20   22.33
  768      768     768   14.82   22.72
 1024     1024    1024   13.43   22.51
 1280     1280    1280   14.77   22.73
 1536     1536    1536   16.18   22.61
 1792     1792    1792   16.89   22.76
 2048     2048    2048   17.44   22.72
 2304     2304    2304   18.19   22.79
 2560     2560    2560   18.74   22.74
 2816     2816    2816   19.22   22.97
 3072     3072    3072   19.17   22.81
 3328     3328    3328   19.47   22.74
 3584     3584    3584   19.78   22.62
 3840     3840    3840   20.34   22.99
 4096     4096    4096   19.73   22.84
 4352     4352    4352   20.61   22.69
 4608     4608    4608   20.73   22.65
 4864     4864    4864   21.05   22.76
 5120     5120    5120   19.91   22.78
 5376     5376    5376   21.41   22.75
 5632     5632    5632   21.14   22.68
 5888     5888    5888   21.72   22.89
 6144     6144    6144   20.95   22.80
 6400     6400    6400   21.98   22.92
 6656     6656    6656   21.15   22.80
 6912     6912    6912   22.25   22.86
 7168     7168    7168   20.64   22.73
 7424     7424    7424   22.45   22.98
 7680     7680    7680   21.20   22.83
 7936     7936    7936   22.51   22.51
 8192     8192    8192   22.38   22.85
 8448     8448    8448   22.66   22.60
 8704     8704    8704   21.09   22.69
 8960     8960    8960   22.79   22.65
 9216     9216    9216   21.13   22.73
 9472     9472    9472   22.91   22.83
 9728     9728    9728   21.17   22.80
 9984     9984    9984   22.97   22.74
 10240    10240   10240   21.48   22.78
 10496    10496   10496   23.03   22.80
 10752    10752   10752   21.24   22.71
 11008    11008   11008   23.07   22.72
 11264    11264   11264   21.29   22.70
 11520    11520   11520   23.10   22.76
 11776    11776   11776   21.49   22.63
 ];
